1.211527658628588910e-02 4.123184649676735717e+03 3.339415703885634230e+03 2.997976034843340130e+03 2.620902132931254073e+03 2.233455311252862430e+03 1.919080049770356709e+03 1.676640998232176571e+03 1.480902489395061366e+03 1.304568055198546517e+03
1.778279410038922925e-02 3.357015735955775199e+03 2.838533451393874202e+03 2.534618993950020922e+03 2.177729191345775689e+03 1.837905913373142539e+03 1.572108503101763290e+03 1.374531988065283940e+03 1.218422951708253549e+03 1.075701075385482682e+03
2.610157215682535822e-02 2.948031269691166926e+03 2.412640622809239176e+03 2.090319341395940228e+03 1.764151772127416734e+03 1.476588457334663872e+03 1.262160137749478054e+03 1.107220248315237768e+03 9.850534667720451125e+02 8.714336579123536239e+02
3.831186849557287333e-02 2.478067333806393435e+03 1.971555382618319072e+03 1.668952450372611338e+03 1.377335990302478876e+03 1.139111493121943113e+03 9.704930688761696729e+02 8.514631747667295940e+02 7.584950237100840695e+02 6.715038755122338898e+02
5.623413251903491145e-02 2.089206591679445410e+03 1.585435603533080439e+03 1.300656559054013997e+03 1.054531614757702300e+03 8.672264766115258681e+02 7.426705374688235679e+02 6.590229858305286825e+02 5.936183130218869337e+02 5.293013487273855162e+02
8.254041852680181479e-02 1.677501908164800170e+03 1.233023234140777049e+03 9.802047470486838847e+02 7.823375068894478090e+02 6.434914799037778721e+02 5.563081985560535259e+02 4.997866416694151894e+02 4.552670477613099251e+02 4.091215858336638007e+02
1.211527658628588217e-01 1.358299742248473194e+03 9.423492183690198090e+02 7.242025588046342364e+02 5.711773410871079477e+02 4.723569666252758452e+02 4.143887477359495506e+02 3.784457646527174006e+02 3.494736049575715242e+02 3.172055448074736432e+02
1.778279410038922370e-01 1.002650292743574255e+03 6.853899609917834823e+02 5.203042710552202834e+02 4.116629426175810522e+02 3.472259832533924282e+02 3.122694030836715910e+02 2.912178136911945785e+02 2.730983929632800482e+02 2.504845328086385052e+02
2.610157215682536447e-01 7.447484658874336674e+02 4.943436973734994808e+02 3.705644872645460168e+02 2.965839351841980260e+02 2.542707014675134474e+02 2.318423979257729286e+02 2.191565027754393782e+02 2.081629828235541595e+02 1.931612804718309349e+02
3.831186849557287055e-01 5.468528887255204154e+02 3.585486315916626836e+02 2.673545243368789670e+02 2.112599889934025441e+02 1.814251642149110921e+02 1.689695835605016043e+02 1.634071920927308383e+02 1.580262671903317369e+02 1.488240007112219132e+02
5.623413251903489618e-01 4.148584501218199989e+02 2.640591910410672085e+02 1.856509474858882527e+02 1.456175345100017466e+02 1.296207931819520525e+02 1.241966040321052134e+02 1.221207218187811492e+02 1.193104469485628698e+02 1.132788714442033893e+02
8.254041852680183977e-01 3.095050201650664121e+02 1.786476276461104646e+02 1.242119318951776421e+02 1.023382613749825509e+02 9.372873091798686573e+01 9.081886059485238150e+01 8.967912323737263591e+01 8.789881866113522335e+01 8.392314415096848279e+01
1.211527658628588133e+00 2.029397412451123159e+02 1.172186458282372570e+02 8.663226081187987404e+01 7.327668014616210712e+01 6.741085953101489281e+01 6.505664365413032613e+01 6.391272109580307159e+01 6.249704180569410994e+01 5.980989817740734793e+01
1.778279410038921871e+00 1.316041724872188183e+02 8.347269080135170327e+01 6.347948305979345207e+01 5.356479790528230467e+01 4.864416394939148347e+01 4.630370049791406473e+01 4.500624463922866880e+01 4.377085292427857866e+01 4.193802314339932735e+01
2.610157215682535892e+00 9.694223661548286941e+01 6.325405108208284588e+01 4.797423797062730699e+01 4.012647032083921772e+01 3.606165477784996654e+01 3.397690301106411681e+01 3.277281526683716351e+01 3.174874820459209701e+01 3.044191595929236271e+01
3.831186849557286944e+00 7.340971575019011652e+01 4.794594409404083990e+01 3.637256746644223426e+01 3.036901041392939504e+01 2.723536162116985437e+01 2.560548634125950684e+01 2.465501606739978158e+01 2.387008559650633188e+01 2.290813370258994297e+01
5.623413251903487620e+00 5.426181719087374944e+01 3.553048877458254395e+01 2.704949216359138120e+01 2.268115115757134959e+01 2.041149914731964543e+01 1.922483475766683370e+01 1.852540795061384316e+01 1.794406499633140228e+01 1.723737284754586341e+01
8.254041852680181535e+00 3.838095602666064110e+01 2.539690843540854814e+01 1.945463304812216165e+01 1.638922129794505622e+01 1.478292603506745451e+01 1.394062145139474040e+01 1.344648421040865927e+01 1.303987427480882566e+01 1.254473095237827351e+01
1.211527658628588178e+01 2.590086719135263138e+01 1.725807073387471036e+01 1.329918554676732967e+01 1.124987588692254725e+01 1.017509863958284910e+01 9.614753782639651192e+00 9.285924013994833359e+00 9.012992530305524497e+00 8.679675797151922723e+00
1.778279410038921782e+01 1.626364794086813959e+01 1.094623401746369851e+01 8.487227225290967070e+00 7.206046152024615736e+00 6.538357582939082313e+00 6.190071271258556607e+00 5.984330825473843873e+00 5.814823979422273581e+00 5.607016154301071253e+00
2.610157215682535892e+01 9.333483403225798725e+00 6.318895733331068243e+00 4.937731453341799970e+00 4.225136993918556350e+00 3.854307290393592211e+00 3.659958299969473750e+00 3.545450753902817720e+00 3.452019862310854226e+00 3.335958978669658848e+00
3.831186849557287388e+01 4.896302596366875370e+00 3.337528688041029312e+00 2.621213958567295776e+00 2.256860177205272322e+00 2.072436696680424628e+00 1.977097328672194898e+00 1.920566296511096338e+00 1.874351283664416501e+00 1.816239033166523464e+00
5.623413251903487975e+01 2.242168429683037090e+00 1.570701398439775076e+00 1.259085423474809673e+00 1.100367131269623266e+00 1.020249845572431369e+00 9.785963919904925312e-01 9.540285335133931177e-01 9.344098310426929288e-01 9.093620395771238041e-01
8.254041852680181535e+01 1.107277844618201001e+00 7.893738223640278662e-01 6.436312749199797345e-01 5.668285699180481974e-01 5.308264688112871443e-01 5.141770967986827312e-01 5.033935143522747513e-01 4.939365255922196773e-01 4.818596866171955817e-01
