1.211527658628588910e-02 8.129232942230928529e+03 6.471423544555906119e+03 5.231234458798540800e+03 4.146597212192655206e+03 3.309872769937258454e+03 2.728384905032525239e+03 2.332835317845806458e+03 2.011488453582238435e+03 1.704825909867699238e+03
1.778279410038922925e-02 6.912442343395439821e+03 5.327639630197065344e+03 4.155659377132364170e+03 3.207447990046524865e+03 2.520656248024211436e+03 2.064388808416499160e+03 1.762974078243612439e+03 1.523682803279612926e+03 1.295420281969233884e+03
2.610157215682535822e-02 5.632196889966249728e+03 4.226316279066330026e+03 3.185631491070597804e+03 2.393486947918491751e+03 1.857993995045658266e+03 1.520643182289257311e+03 1.305457551893331129e+03 1.135419938165784743e+03 9.702055608446273709e+02
3.831186849557287333e-02 4.573992116604265902e+03 3.270409700877029536e+03 2.380289788710462744e+03 1.753052289363639375e+03 1.356082610530872898e+03 1.119151956335587329e+03 9.731091299682082081e+02 8.577007451527064177e+02 7.394134165104370595e+02
5.623413251903491145e-02 3.468579032755791559e+03 2.403936895933398773e+03 1.701841131524299726e+03 1.234932645303920708e+03 9.567787505994740513e+02 7.998443287567140487e+02 7.061863184825961071e+02 6.315427441369583903e+02 5.498842115516463309e+02
8.254041852680181479e-02 2.548842053746274360e+03 1.715915057779883227e+03 1.184098311065959933e+03 8.557027487427677670e+02 6.729846238254328910e+02 5.757153060580092188e+02 5.198211179659838308e+02 4.740533100083915770e+02 4.196354484265353904e+02
1.211527658628588217e-01 1.844108023682186740e+03 1.189119149146565178e+03 8.068799115208742023e+02 5.877748599867952635e+02 4.733922379351109839e+02 4.167551254440797948e+02 3.859551844628374511e+02 3.590250211972712577e+02 3.225994247620927808e+02
1.778279410038922370e-01 1.262684550670391218e+03 8.023722590426231136e+02 5.455638800575436562e+02 4.068347747906518634e+02 3.392623038517411942e+02 3.088989339791319821e+02 2.931963854524952353e+02 2.773436843803731335e+02 2.521465900232746549e+02
2.610157215682536447e-01 8.549687967291542918e+02 5.361528319628832833e+02 3.700282584699532435e+02 2.864001732685605930e+02 2.467115496937248622e+02 2.293262168197598214e+02 2.209566790994800840e+02 2.117608611160042074e+02 1.950298669113602728e+02
3.831186849557287055e-01 5.852641609942113519e+02 3.700291263321719271e+02 2.617029837187410521e+02 2.047494298631452239e+02 1.781397361012313922e+02 1.684648688063270470e+02 1.647821797519673623e+02 1.597119808042247371e+02 1.486572540733581036e+02
5.623413251903489618e-01 4.168465980421917152e+02 2.649273673366354842e+02 1.836519062925733010e+02 1.444423804933823021e+02 1.290973044849713176e+02 1.241594419261086273e+02 1.224408979532202579e+02 1.193476537462183558e+02 1.118352116731907984e+02
8.254041852680183977e-01 2.988163804174287179e+02 1.807319499843730739e+02 1.259195599126860827e+02 1.031217989675442936e+02 9.383527924968942102e+01 9.057112032290540071e+01 8.927337801111359283e+01 8.709397523268395958e+01 8.205028668341404341e+01
1.211527658628588133e+00 1.972754447246072971e+02 1.197742115897191013e+02 8.816505481660274768e+01 7.374663704298416178e+01 6.715063537423127116e+01 6.436704979219076961e+01 6.296592814096452173e+01 6.118279668867302235e+01 5.779464861151188870e+01
1.778279410038921871e+00 1.290215569249937744e+02 8.498370065814700069e+01 6.446242528944546279e+01 5.385644349169662348e+01 4.847220553655195374e+01 4.585270054448180588e+01 4.436853981998648777e+01 4.288672538136842149e+01 4.062408852714327168e+01
2.610157215682535892e+00 9.371468167915399761e+01 6.367246198038534999e+01 4.825924569767234118e+01 3.995324636176228239e+01 3.554792615952163715e+01 3.325973930779729670e+01 3.192299874385980019e+01 3.072511088226413278e+01 2.916021479185523546e+01
3.831186849557286944e+00 7.073805249402752793e+01 4.818647244994712509e+01 3.653741946815250685e+01 3.021566530082510127e+01 2.685649922857984251e+01 2.508539991690678050e+01 2.402984732679265534e+01 2.310920818204828819e+01 2.196221059957564137e+01
5.623413251903487620e+00 5.233811533115331827e+01 3.574065120684944219e+01 2.721726449583476537e+01 2.261528985513569978e+01 2.016353612639537474e+01 1.885691125439648630e+01 1.807254941480262644e+01 1.739777754259084475e+01 1.656288578663119537e+01
8.254041852680181535e+00 3.709383003596497019e+01 2.555456790305280990e+01 1.957776010376207410e+01 1.634898231605073349e+01 1.461918145787120693e+01 1.369721816095053768e+01 1.314710672134905778e+01 1.267547816864624011e+01 1.207992706562856711e+01
1.211527658628588178e+01 2.504601155521417866e+01 1.736728910465960141e+01 1.338402296783956658e+01 1.122441788047699518e+01 1.006512487150607704e+01 9.451870070314187799e+00 9.086086339292794634e+00 8.765829248826165099e+00 8.362963019738565151e+00
1.778279410038921782e+01 1.575256328082103430e+01 1.101574044930761431e+01 8.539672530365855607e+00 7.189031596288897319e+00 6.469556174595435749e+00 6.088933578053234541e+00 5.861462859882248466e+00 5.665548054486555962e+00 5.412539505339118762e+00
2.610157215682535892e+01 9.054003344369183637e+00 6.366926196895711598e+00 4.975151002661224453e+00 4.221856687594872426e+00 3.819731015819279207e+00 3.604498361420751973e+00 3.475363677448423783e+00 3.364220140492388378e+00 3.220593708050977000e+00
3.831186849557287388e+01 4.748367072126342237e+00 3.360829956205610092e+00 2.639639242952553033e+00 2.254887725916613128e+00 2.055057380297139247e+00 1.948237363283989776e+00 1.884666293070184739e+00 1.832410837583996033e+00 1.761494400495063228e+00
5.623413251903487975e+01 2.184448942613331113e+00 1.583269651775444098e+00 1.268856669979028462e+00 1.101414632307157859e+00 1.014397237556886600e+00 9.679324873627128678e-01 9.398643974586953220e-01 9.158068607121523375e-01 8.857109115228856133e-01
8.254041852680181535e+01 1.076967785072915351e+00 7.954473633796879106e-01 6.481702652829155475e-01 5.673200756587841731e-01 5.290128141433194653e-01 5.115610561144900981e-01 5.005128013261375131e-01 4.908524080694416369e-01 4.767095190755854528e-01