3.748120055229188594e-03 3.711147739312922224e-03 1.239247554521280472e+04 9.153904020716758168e+03 3.305294586602292384e+03 1.806448030760615893e+03 1.739724968654370059e+03
8.088987077224201599e-03 8.009195453355469688e-03 1.174267558584111430e+04 1.366844073749520612e+04 -2.546376255426064745e+03 2.088251052376795997e+03 2.708862156148768918e+03
1.286232013649995370e-02 1.277940689130274525e-02 5.592622076951308372e+03 7.777780458851008916e+03 -1.586007540338673380e+03 1.258335478513472253e+03 6.591846369524450893e+02
1.773250664947659261e-02 1.770376545479466351e-02 -4.679280109100084701e+03 -8.623346743865793087e+02 -6.139822648143212973e+03 -2.823256252371990740e+03 -5.003790389422829321e+02
2.268860619597542344e-02 2.269568348539741098e-02 2.686283621823405952e+02 5.796163758116096005e+02 -1.165189507854200428e+03 -7.840987886049800863e+02 7.010270561995133676e+01
2.768297240573217022e-02 2.766189688684450240e-02 -1.856469922340677158e+03 -8.175152838530449344e+02 -5.406221843688375884e+03 -3.378162404427521778e+03 9.891048007732219958e+02
3.266084752487743992e-02 3.262913253506022349e-02 -7.655753800218931246e+03 -2.319222806294086695e+03 -1.140928103615104374e+04 -5.237445827456807820e+03 8.353042147693913648e+02
3.761356226192894697e-02 3.761940054483082357e-02 -5.053688256752513553e+03 -1.796483227846725640e+03 -7.332116930118188066e+03 -3.578630110161568609e+03 4.962817910508315435e+02
4.258274066579159634e-02 4.259421773488585722e-02 -2.322327407354825482e+03 -6.340084929841671055e+02 -3.955331873426619950e+03 -2.001459225117969709e+03 2.655537339379918649e+02
4.759526847422063112e-02 4.759088323989422997e-02 -3.201876298324737604e+02 5.272039492876316444e+02 -2.360408806004858889e+03 -1.033471928711269811e+03 4.795452981734836158e+02
5.258911899278112534e-02 5.258399888194126987e-02 8.376947159397284395e+02 8.088587555831536520e+02 -1.031551056684204923e+03 -5.840828159166210298e+02 4.763042011241586806e+02
5.756223392063226224e-02 5.756900989151184089e-02 2.919484570707689727e+03 2.184654360113270286e+03 1.583114500047008050e+03 9.927235437443754336e+02 1.444392542917868241e+02
6.256259521996683504e-02 6.256473684551540348e-02 9.061592183930752071e+02 8.846911717943062285e+02 4.244067902666027976e+02 3.570845923104475332e+02 -4.585415135738628578e+01
6.757313487028661358e-02 6.755836732951553403e-02 -9.245283357624659857e+02 -2.832957653406444365e+02 -8.037305598090479180e+02 -4.157126724903765762e+02 -2.532146831031501506e+02
7.256234050281015757e-02 7.255766940890864825e-02 -2.664972258796163715e+03 -1.895487572730716920e+03 -2.482165325646570182e+03 -1.841345654118538505e+03 -1.286650145374151180e+02
7.754485721905243767e-02 7.755268545792555479e-02 -2.831033572364569409e+03 -1.732856190407705981e+03 -3.054415189982813445e+03 -2.003006473364373960e+03 -4.676866533842394347e+01
8.254370581124785555e-02 8.254906165668902951e-02 -1.744874255613152172e+03 -1.198166756763229159e+03 -1.794212110062251440e+03 -1.284282122546245773e+03 -3.677751133391734584e+01
8.755526978617697575e-02 8.754650414959197491e-02 -4.444870348042721844e+02 -2.981595537954618749e+02 -4.921165664444574759e+02 -4.301483812263534219e+02 -8.435929579070625550e+01
9.255841416468196803e-02 9.254469586882883847e-02 -1.466069584974627560e+03 -9.481158163805109780e+02 -1.426355180640041908e+03 -1.005960695782220341e+03 -9.755928373629501493e+01
9.754511531362068666e-02 9.754353768677025138e-02 -1.853491522872031737e+03 -1.241755897747768358e+03 -1.891224870426698089e+03 -1.352246108413054799e+03 -7.275686311062008826e+01
1.025381311637036386e-01 1.025370533641524612e-01 -5.172751407804952350e+02 -3.423720808051628524e+02 -7.072575083905779820e+02 -5.097979759822127903e+02 2.255647243303280902e+01
1.075426268821700893e-01 1.075283422267757222e-01 -9.325226494449526626e+02 -6.496547515060705109e+02 -9.345067911013867388e+02 -7.106459266594201836e+02 -5.900703349691559652e+01
1.125392986580213694e-01 1.125319206521068344e-01 -9.634056462470412043e+02 -6.123996238202116729e+02 -8.171669574009371217e+02 -5.567316950540136986e+02 -9.057076007990610833e+01
1.175268409514608620e-01 1.175394926129596507e-01 -4.262871196816494148e+02 -2.275919353884316649e+02 -5.540713975761809706e+02 -3.369113871108742728e+02 1.846482617208894794e+01
1.225281004958248959e-01 1.225388504022971864e-01 -2.931811851530054582e+02 -1.615194719192635660e+02 -3.687047663309355698e+02 -2.994449940061879829e+02 -6.240194090899430535e+01
1.275364887242239065e-01 1.275339132985057744e-01 1.284564724668489930e+02 1.070734985027010140e+02 2.027867497924931683e+02 1.000156669036993407e+02 -8.138810892464584867e+01
1.325381064676185161e-01 1.325317855055062888e-01 -1.903502028234076988e+02 -7.921408580139437561e+01 -6.305736537104016293e+01 -1.343588761117728225e+01 -6.151463926215043898e+01
1.375313229654373526e-01 1.375330428606425237e-01 -2.530248998074193025e+02 -1.430764051943148445e+02 -1.191094346131898192e+02 -8.278685339737032223e+01 -7.362591339728496109e+01
1.425306626602248217e-01 1.425306840508092365e-01 -4.907087697745542982e+02 -3.991440392154800634e+02 -2.810027837108245876e+02 -2.969990009130135604e+02 -1.075609477612632077e+02
1.475379175461687953e-01 1.475304525587159410e-01 -5.458453728202758839e+02 -5.075955394538644896e+02 -4.144715917687375963e+02 -4.430229963019897923e+02 -6.680123789966359027e+01
1.525344660911656103e-01 1.525268985815075862e-01 -7.449538412592844452e+02 -5.481598297457709350e+02 -6.709698988754141737e+02 -5.662959278983256581e+02 -9.212004053642499457e+01
1.575242039492688595e-01 1.575245618093497890e-01 -5.686928697655060887e+02 -3.240406471151496248e+02 -5.925446803192538709e+02 -4.018694772975707679e+02 -5.397701962867336078e+01
1.625205681967348825e-01 1.625252910862604316e-01 -3.365660467014208166e+02 -1.321824550104414016e+02 -4.088816690998389731e+02 -2.375948267623004426e+02 -3.309674935344088453e+01
1.675239097588307746e-01 1.675253721975151766e-01 -7.118331147589627506e+01 4.923855085477100602e+01 -1.605429020304639209e+02 -4.807003784891759324e+01 -7.948998149120953371e+00
1.725275619286082140e-01 1.725264980859500252e-01 -3.311398925625319123e+01 8.662853084030661677e+00 -1.023436986574109682e+02 -6.971045829868386079e+01 -9.143601981556741976e+00
1.775227008645889615e-01 1.775232340719477830e-01 -2.171130303952779173e+02 -1.066924523454212732e+02 -2.400202585770433359e+02 -1.475749782998381363e+02 -1.797529777265144446e+01
1.825211029278127062e-01 1.825222533316413487e-01 -1.846980713901018305e+02 -1.605061519198033579e+02 -1.526862084402702635e+02 -1.109865417103991945e+02 1.750774725957259648e+01
1.875238910561505545e-01 1.875207335753682203e-01 -2.596209018822729604e+02 -1.995651546911481660e+02 -2.566086292874178412e+02 -1.816521841312026027e+02 1.490069796509044409e+01
1.925224400398575786e-01 1.925201823981573801e-01 -2.929230406060447649e+02 -2.468454997401095738e+02 -2.478586499270242030e+02 -2.207613367976698839e+02 -1.898022773658087203e+01
1.975221462637663794e-01 1.975163984977771625e-01 -7.123389322243748722e+01 -1.232465954177770868e+02 -4.182140787993645858e+01 -1.070793560358973622e+02 -1.324524596062130399e+01
2.025233277077648220e-01 2.025133335248295863e-01 -4.676130774881266206e+01 -7.946066790642517752e+00 -4.998244704235930413e+01 -2.405405334470597012e+01 -1.288684726051680940e+01
2.075247880506111420e-01 2.075167077331553922e-01 -2.622917357132638472e+02 -2.281155332150657671e+02 -2.511290055868854552e+02 -2.182848526886506875e+02 -1.332049599963312403e+00
2.125230426585567045e-01 2.125195033693389191e-01 -1.133954683837542632e+02 -8.267054111941301642e+01 -1.166033380013364678e+02 -1.213481667158813622e+02 -3.546975597888614118e+01
2.175215236263580709e-01 2.175174689655861027e-01 -2.235478579914473016e+02 -1.841639761708726724e+02 -1.081779761138880502e+02 -1.327761014464433913e+02 -6.398200715312997033e+01
2.225201847749871120e-01 2.225155831044145494e-01 -1.591945963090937823e+02 -7.247006354398122596e+01 -9.714463360436481310e+01 -4.223788267363551086e+01 -3.181778183438325414e+01
2.275187754643715754e-01 2.275194652494357539e-01 -7.574351937422413528e+01 -3.981345301564015671e+01 -7.589424642784067032e+01 -9.117680794890515017e+01 -5.121262787964845842e+01
2.325181432874504905e-01 2.325177134623790387e-01 -9.834101616648743516e+01 -3.585102115281999602e+01 -1.258258237559441568e+02 -9.824280427820411887e+01 -3.490697553592740121e+01
2.375115021519016989e-01 2.375177309918068136e-01 -9.033775784681459697e+01 -6.911944970944000488e+01 -1.212672697834531306e+02 -1.116146584716894665e+02 -1.156569682561092804e+01
2.425097684774409901e-01 2.425186077798544282e-01 -5.917587503946872118e+01 -4.448304713944698108e+01 -8.220718125166604295e+01 -8.279146276575791319e+01 -1.527710941411361034e+01
2.475163313936535880e-01 2.475167104140231222e-01 -9.071188882990909974e+01 -2.848099904041690422e+01 -6.534754844732300683e+01 -2.990039976765237029e+01 -2.678374110982156253e+01
2.525171780005207589e-01 2.525193712495549803e-01 -6.802565703229143423e+01 -4.932784290783970249e+01 -4.472943860622466161e+01 -4.197749752000280665e+01 -1.594587303822987678e+01
2.575158643043772289e-01 2.575186127067223274e-01 -1.113840553017734578e+02 -1.149246149987705081e+02 -7.843986779267511622e+01 -8.786012791680465739e+01 -5.879700427132490859e+00
2.625154969314948405e-01 2.625147696883480819e-01 -7.258862041933284104e+01 -7.624586365533805576e+01 -5.504252126975129045e+01 -7.121746398652571486e+01 -1.251769948076920969e+01
2.675175679340618951e-01 2.675155722784866574e-01 -6.178638377998144193e+01 -7.478941627784455193e+01 -4.279244804139340630e+01 -8.578738225492513436e+01 -2.999190171566861807e+01
2.725190773884630935e-01 2.725157496677925728e-01 -2.677255249446991670e+01 -4.330140533663824698e+01 -3.544816274370732856e+01 -6.094835373197468442e+01 -8.971338146099025579e+00
2.775168039611090043e-01 2.775152100878649497e-01 -1.284392374401064956e+02 -8.955137348760160876e+01 -1.016626568581377938e+02 -8.468660407630730447e+01 -2.191181117067439743e+01
2.825142732033267268e-01 2.825162381755563223e-01 -9.132401493402257131e+01 -4.914464657736672137e+01 -3.838639835541220435e+01 -3.576472517114682148e+01 -3.955769517239046706e+01
2.875130666907432797e-01 2.875153158106879547e-01 -5.705442710713644772e+01 -6.069691686615346526e+01 -5.147874145263556045e+01 -4.873015987209674904e+01 6.391071339555828956e+00
2.925143189402794053e-01 2.925153276905682609e-01 -5.747834732980063421e+01 -6.081472405757172339e+01 -4.848988133439496551e+01 -4.749153366722124048e+01 4.334724394944814208e+00
2.975127513734233675e-01 2.975157083662708923e-01 -5.375297288387869088e+01 -3.868434594027313267e+01 -3.638779041995744024e+01 -5.563641478705047660e+01 -3.431725131069859458e+01
3.025099930139776294e-01 3.025143820880140111e-01 -3.001985872735907535e+01 -1.997864705024307597e+01 -3.922546225552886057e+01 -5.394655416005630855e+01 -2.476230358164344736e+01
3.075101643957198205e-01 3.075134767180320861e-01 -5.016239732248895677e+01 -4.729313914699820742e+01 -6.547059270574932555e+01 -5.364648600429880076e+01 8.954848525959775429e+00
3.125126798401216544e-01 3.125126192573181028e-01 -5.233924820540699585e+01 -2.676558386408371959e+01 -4.694692859352116443e+01 -2.709011034322054456e+01 -5.716846091022656395e+00
3.175122369750564277e-01 3.175121452789468890e-01 -6.287091848015448647e+01 -2.439352002533440000e+01 -4.535807208746872021e+01 -3.914562582162145787e+01 -3.226495218897282768e+01
3.225101109354420736e-01 3.225133792802187260e-01 -6.592407247015907501e+01 -4.131769863456165837e+01 -3.581189566191309837e+01 -5.115933907316767915e+01 -3.995381724685199742e+01
3.275124236250821497e-01 3.275115838625301534e-01 -3.775719998253985210e+01 -4.574006640345312746e+01 -4.181272799355667047e+01 -6.888002735359638962e+01 -1.908443293912644378e+01
3.325129306399536300e-01 3.325100075355765794e-01 -6.530369911951854078e+01 -4.584486506338349443e+01 -7.419158858995406547e+01 -7.410322378326559090e+01 -1.937046924944657178e+01
3.375124445972576548e-01 3.375117378420814940e-01 -8.946265968779646016e+01 -7.692092651541325665e+01 -7.165682466579156085e+01 -7.972602704870297430e+01 -2.061093555529461696e+01
3.425108479375792436e-01 3.425127875431471791e-01 -7.978337027984743202e+01 -4.199645204246859009e+01 -5.412303386812976669e+01 -3.029111665411022614e+01 -1.395500102335930137e+01
3.475087789927832627e-01 3.475140583218373491e-01 -4.300157859252631454e+01 -4.613104256282188231e+01 -3.338397441488261563e+01 -4.377216166826665500e+01 -7.258723283088471590e+00
3.525105427997317076e-01 3.525127463899305758e-01 -2.709677833712639483e+01 -6.239188009373395261e+01 -8.461191682043271101e+00 -5.373658993047633459e+01 -9.980296491825505711e+00
3.575086169132926650e-01 3.575108961101246541e-01 -3.135475368514162753e+01 -1.368720835999155483e+01 -1.852150618772875390e+01 -8.439614889395302910e+00 -7.585654026816621709e+00
3.625090390849307620e-01 3.625112524119070700e-01 -2.673168497014852107e+01 -1.222503646775222563e+01 -2.656174723915095015e+01 -3.366402490950947168e+01 -2.160892617275481697e+01
3.675112993144946660e-01 3.675098376694787006e-01 -4.556307309206614775e+01 -3.381868973927078770e+01 -3.901907294894728295e+01 -5.470456181040724175e+01 -2.742987221425531885e+01
3.725113966901729134e-01 3.725092529582844647e-01 -4.408879958167558044e+01 -3.809962204720649481e+01 -3.001159533131699675e+01 -4.098242209320198981e+01 -1.696000429635407869e+01
3.775113317152504755e-01 3.775095055782605180e-01 -5.442947468293695579e+01 -5.347901413037824625e+01 -3.816530654668171962e+01 -5.766521257504085440e+01 -2.045036658091784432e+01
3.825101438162969991e-01 3.825085891699387397e-01 -4.354483628083755065e+01 -5.479062231142818007e+01 -3.352117824513138089e+01 -5.148101490817520443e+01 -6.714050632453194112e+00
3.875116653965242075e-01 3.875095996831169898e-01 -3.080077630750976780e+01 -4.446146698781524265e+01 -2.743712393193423793e+01 -4.505867625560505019e+01 -3.960861643365337414e+00
3.925120690479977359e-01 3.925095200376753635e-01 -3.160586569222634168e+01 -3.305422001592112480e+01 -2.864142559612330530e+01 -3.455423962528969639e+01 -4.464459705471607975e+00
3.975102312296245888e-01 3.975075954475052464e-01 -4.407552071308717956e+01 -4.375215125478724332e+01 -5.130900810987155580e+01 -5.095668334996688742e+01 2.895530160473214210e-02
4.025102097924054267e-01 4.025068382461746697e-01 -3.256650567631228910e+01 -2.389398553576450013e+01 -3.981491631518123597e+01 -4.895151445514702004e+01 -1.780911828051357304e+01
4.075099256929811675e-01 4.075083506780252662e-01 -2.547470016438468576e+01 -2.869485607477747990e+01 -2.061822594736868197e+01 -3.638287786458786144e+01 -1.254449600682638533e+01
4.125090543728884285e-01 4.125080725960317829e-01 -3.862430156732416719e+01 -7.221678862555987166e+01 -3.119734022886831681e+01 -5.968535299075824696e+01 5.104474296345774320e+00
4.175088999099161868e-01 4.175080651946750376e-01 -4.106638288765613254e+01 -6.091801067255340740e+01 -3.539255196130838499e+01 -5.293264873998187170e+01 2.311531006223788154e+00
4.225097409404550142e-01 4.225098801054207875e-01 -5.747197793441708313e+01 -3.353510850672850552e+01 -3.916278031038125818e+01 -3.644805487939823507e+01 -2.122214399670555451e+01
4.275115140337151232e-01 4.275103858306195659e-01 -4.350002960029880938e+01 -4.557169822276135562e+01 -2.644598632363128843e+01 -4.124090355208306136e+01 -1.272324860598922669e+01
4.325121367298880304e-01 4.325110020227951879e-01 -3.609166880078549866e+01 -3.615013605125155749e+01 -3.219668301706283842e+01 -4.508926151793804138e+01 -1.283411125040914413e+01
4.375104095680810712e-01 4.375093813748094362e-01 -3.855370540045926475e+01 -2.446838285619881148e+01 -2.861729442888758612e+01 -2.690813339111652880e+01 -1.237616150648939595e+01
4.425084934860784025e-01 4.425076098160787286e-01 -3.146817596763596470e+01 -4.242131086911619775e+01 -2.552617811103312917e+01 -3.606274413760350228e+01 4.165688749098599430e-01
4.475103560237323475e-01 4.475091345234533113e-01 -2.459923155834233199e+01 -3.912255979069053780e+01 -1.729542350322507716e+01 -3.503086797555953069e+01 -3.212116239986247734e+00
4.525119274514753376e-01 4.525107817211843630e-01 -2.458951142225036790e+01 -4.822791519789110026e+01 -2.110509066286373780e+01 -5.349018523610651243e+01 -8.746690797602042267e+00
4.575110558508101444e-01 4.575097875290085048e-01 -2.478869950412567391e+01 -3.812578789946120850e+01 -2.777672254404828323e+01 -4.655207737950090774e+01 -5.438266440117089928e+00
4.625083880787722590e-01 4.625081761557475746e-01 -2.945408945897500530e+01 -3.145489988740426668e+01 -2.668742175903044966e+01 -4.918596703056875441e+01 -2.049773484310904337e+01
4.675082010550253298e-01 4.675076133113492127e-01 -4.268912462830381571e+01 -3.345094535374790468e+01 -3.412051736457873119e+01 -3.681335311701304391e+01 -1.193101502699022376e+01
4.725087980185199155e-01 4.725088883964808639e-01 -3.551575657725919655e+01 -4.399498841680016881e+01 -3.110044179765191075e+01 -4.326122168707035343e+01 -3.681548049877470419e+00
4.775069638168472075e-01 4.775103218942997052e-01 -2.680577551502302569e+01 -3.596735351477097709e+01 -2.551585609017850942e+01 -4.165609112512957779e+01 -6.978657035203116976e+00
4.825072507927383736e-01 4.825105400047168258e-01 -2.425309760195388620e+01 -3.705250563614746540e+01 -2.302381270574597849e+01 -3.197943907748855707e+01 3.843781662451000614e+00
4.875076354866126338e-01 4.875093523804343021e-01 -2.954770384344503142e+01 -5.076533020499838500e+01 -2.969685771721790957e+01 -5.582029941055523636e+01 -4.905815331783973221e+00
4.925073689696961576e-01 4.925084661724347668e-01 -3.200287966885522195e+01 -2.649482424633705691e+01 -3.046194512719916858e+01 -3.030830968869054232e+01 -5.354419984009538780e+00
