3.748120055229188594e-03 3.711147739312922224e-03 1.345469347044735878e+04 1.029964903394577777e+04 3.292831107104534567e+02 -1.043691231869994908e+03 1.782070093921132639e+03
8.088987077224201599e-03 8.009195453355469688e-03 1.418045276810286668e+04 1.566126079725229829e+04 -2.190547978137057726e+03 1.670190477702008366e+03 2.379930426689634260e+03
1.286232013649995370e-02 1.277940689130274525e-02 5.328570389716122008e+03 7.857041475669558167e+03 -1.467122171654450312e+03 1.405976645275582996e+03 3.446277309765973769e+02
1.773250664947659261e-02 1.770376545479466351e-02 -5.376029395091232800e+03 -1.241883073723405687e+03 -6.795504139291570937e+03 -3.377057597305230047e+03 -7.156997793814862234e+02
2.268860619597542344e-02 2.269568348539741098e-02 -7.081935243891265372e+02 -1.552691609186594235e+02 -1.903267044372884357e+03 -1.395574927631817673e+03 -4.523224672940045821e+01
2.768297240573217022e-02 2.766189688684450240e-02 -1.654842769699510654e+03 -6.384546278438622267e+02 -6.385430921544180819e+03 -3.960322590167637372e+03 1.408720189520895019e+03
3.266084752487743992e-02 3.262913253506022349e-02 -6.627544672738248664e+03 -1.576739379793315493e+03 -1.140067033438572980e+04 -5.113028200459360050e+03 1.236836840981436580e+03
3.761356226192894697e-02 3.761940054483082357e-02 -4.296546557966299588e+03 -1.253592998650014351e+03 -7.147652870611490471e+03 -3.406485436300800302e+03 6.982138749944047049e+02
4.258274066579159634e-02 4.259421773488585722e-02 -2.169337013104340713e+03 -4.816676776602404857e+02 -4.027693766851063629e+03 -1.923848205606236434e+03 4.161762258007267974e+02
4.759526847422063112e-02 4.759088323989422997e-02 4.576189084779744576e+02 1.090744682669356280e+03 -2.727711469832896910e+03 -1.373466324076925730e+03 7.211193715645893008e+02
5.258911899278112534e-02 5.258399888194126987e-02 1.971882486386917662e+03 1.682560782059587154e+03 -1.422798404423559759e+03 -9.093788998208907515e+02 8.027412089299995159e+02
5.756223392063226224e-02 5.756900989151184089e-02 3.639033629419394856e+03 2.714783561497860319e+03 1.268592553292555067e+03 7.168009756803518258e+02 3.724584903093312960e+02
6.256259521996683504e-02 6.256473684551540348e-02 1.312307392169051809e+03 1.246769964188910308e+03 3.200185709725977290e+02 3.296572198365781787e+02 7.517607684412195113e+01
6.757313487028661358e-02 6.755836732951553403e-02 -9.733631244345398272e+02 -2.484976340114005211e+02 -6.282920722301764727e+02 -2.195741405405192666e+02 -3.161475587334821284e+02
7.256234050281015757e-02 7.255766940890864825e-02 -2.772433353515433282e+03 -1.914950618723701837e+03 -1.980775998776774486e+03 -1.463038545632687601e+03 -3.397452816476445605e+02
7.754485721905243767e-02 7.755268545792555479e-02 -2.858272046677123399e+03 -1.775573022614180218e+03 -2.962705939232253058e+03 -1.950231517677711054e+03 -7.022460250840117624e+01
8.254370581124785555e-02 8.254906165668902951e-02 -1.688380162623723891e+03 -1.201537655023011666e+03 -1.677894243907199325e+03 -1.190504120485714566e+03 5.476158207725347893e-01
8.755526978617697575e-02 8.754650414959197491e-02 -6.635134134378824911e+02 -4.605790047929775142e+02 -5.826924784282446126e+02 -4.861494956207678797e+02 -1.063914258374282440e+02
9.255841416468196803e-02 9.254469586882883847e-02 -1.647272268431228895e+03 -1.064506930232945933e+03 -1.392885344234849754e+03 -1.020375879689256521e+03 -2.102558736526897292e+02
9.754511531362068666e-02 9.754353768677025138e-02 -1.654154333262742512e+03 -1.089457692132008788e+03 -1.715059719545826738e+03 -1.236515423754151698e+03 -8.615234533905868375e+01
1.025381311637036386e-01 1.025370533641524612e-01 -3.018448710364710905e+02 -2.172436386440312504e+02 -7.750767881249331595e+02 -5.497058816789199227e+02 1.407696740535733966e+02
1.075426268821700893e-01 1.075283422267757222e-01 -7.466795439268390737e+02 -5.093981967414669043e+02 -9.213989291049545045e+02 -6.529770039577932721e+02 3.114057796178906301e+01
1.125392986580213694e-01 1.125319206521068344e-01 -9.201671678789288080e+02 -6.106318788645198765e+02 -7.904318245088126105e+02 -5.059731077758326592e+02 -2.507657228142898020e+01
1.175268409514608620e-01 1.175394926129596507e-01 -3.766995685621497501e+02 -1.907741467299854605e+02 -5.705632668655896396e+02 -3.323332941840795343e+02 5.230455084934581578e+01
1.225281004958248959e-01 1.225388504022971864e-01 -2.414665452249517159e+02 -1.224541430675666192e+02 -4.168784482466658119e+02 -3.369663337362209177e+02 -3.910028764694020254e+01
1.275364887242239065e-01 1.275339132985057744e-01 1.040967059941737318e+02 9.044201815962478008e+01 2.734294835826461281e+02 1.379204149757544542e+02 -1.218543807723427221e+02
1.325381064676185161e-01 1.325317855055062888e-01 -3.165798511571216522e+02 -1.674110440520673819e+02 5.314767916595502584e+01 1.543662894227490767e+02 -4.795019684826021944e+01
1.375313229654373526e-01 1.375330428606425237e-01 -2.814956265584747825e+02 -2.016033991422361566e+02 7.201687568382281768e+01 9.692242361427032904e+01 -5.498667948579111453e+01
1.425306626602248217e-01 1.425306840508092365e-01 -5.879658861355595718e+02 -4.764359813248167939e+02 -2.245960737751412069e+02 -2.483006172397621185e+02 -1.352344482753636896e+02
1.475379175461687953e-01 1.475304525587159410e-01 -6.946682015007148721e+02 -6.475722850088030782e+02 -3.245930633006408357e+02 -4.113840856614410200e+02 -1.338869388527119781e+02
1.525344660911656103e-01 1.525268985815075862e-01 -7.603973012759905714e+02 -5.921456211849571218e+02 -5.523730078164132919e+02 -5.146971217764004223e+02 -1.305757940510205799e+02
1.575242039492688595e-01 1.575245618093497890e-01 -5.308128877869556845e+02 -3.163129685741556614e+02 -5.144105187778073969e+02 -3.433424589547067285e+02 -4.343185938969935478e+01
1.625205681967348825e-01 1.625252910862604316e-01 -2.710693455087067036e+02 -8.096415569821994040e+01 -3.780104567698068649e+02 -1.855858546116869832e+02 2.319412347633118543e+00
1.675239097588307746e-01 1.675253721975151766e-01 4.791070425638426222e+00 1.233027733136536312e+02 -1.603700792838830864e+02 -4.660286748334907259e+01 -4.744491087481193858e+00
1.725275619286082140e-01 1.725264980859500252e-01 -1.759073371797889607e+01 1.698537927323902608e+01 -1.423663972006463041e+01 2.655371242679549226e+01 6.214239155642196977e+00
1.775227008645889615e-01 1.775232340719477830e-01 -2.304090061115444428e+02 -1.397801970311527100e+02 -1.817089509079773393e+02 -1.173414557968112035e+02 -2.626131396922559702e+01
1.825211029278127062e-01 1.825222533316413487e-01 -2.058089895011016495e+02 -1.875469942196552040e+02 -1.489509842013716536e+02 -7.852752318582399482e+01 5.216146573410121334e+01
1.875238910561505545e-01 1.875207335753682203e-01 -2.320805915261335883e+02 -2.049909829399975649e+02 -1.850786993372722407e+02 -1.280674893441646987e+02 2.992160140697151860e+01
1.925224400398575786e-01 1.925201823981573801e-01 -3.308667477861152975e+02 -2.958344043289870910e+02 -2.314443424060654877e+02 -2.001365444694870632e+02 -3.724545520549781941e+00
1.975221462637663794e-01 1.975163984977771625e-01 -7.356697311908068571e+01 -1.490812373640625594e+02 -4.916175452307970772e+01 -1.243468747457414878e+02 3.291440223200936543e-01
2.025233277077648220e-01 2.025133335248295863e-01 -2.413568027330676458e+01 1.411852230447303214e+01 -5.256607376499903239e+01 -4.030007592598267507e+01 -2.598820473876343584e+01
2.075247880506111420e-01 2.075167077331553922e-01 -2.728949498741477555e+02 -2.370972046239869826e+02 -2.858925541238516530e+02 -2.521233711687276013e+02 -2.028562295036721252e+00
2.125230426585567045e-01 2.125195033693389191e-01 -9.330628283357050634e+01 -6.624210751873627601e+01 -1.352140531963150920e+02 -1.406083083895561856e+02 -3.245843050807532393e+01
2.175215236263580709e-01 2.175174689655861027e-01 -2.380159109230553440e+02 -1.872614637264198336e+02 -9.377846548539733362e+01 -1.053512583460344132e+02 -6.232724005727258998e+01
2.225201847749871120e-01 2.225155831044145494e-01 -1.861547592710330150e+02 -1.006327921488338575e+02 -8.837067176659112988e+01 -3.548936658919469522e+01 -3.264066194480272287e+01
2.275187754643715754e-01 2.275194652494357539e-01 -8.083838185899958262e+01 -1.944962233685348707e+01 -4.410823617967453458e+01 -6.443057796372524137e+01 -8.171110130619680945e+01
2.325181432874504905e-01 2.325177134623790387e-01 -8.704895191273004684e+01 -3.147734910576993173e+01 -1.270449141840704073e+02 -1.260099543020118347e+02 -5.453664292490154253e+01
2.375115021519016989e-01 2.375177309918068136e-01 -9.803354088791280674e+01 -6.689422621410037095e+01 -9.884246462507881859e+01 -9.933778205326706257e+01 -3.163463210200067977e+01
2.425097684774409901e-01 2.425186077798544282e-01 -9.835059855453597777e+01 -6.832846239003420408e+01 -6.699713114804815461e+01 -7.534559796203853921e+01 -3.837060297849215829e+01
2.475163313936535880e-01 2.475167104140231222e-01 -1.230572710721137639e+02 -6.339346092739544503e+01 -3.795881275130138022e+01 -1.283680868343156689e+01 -3.454180607684850202e+01
2.525171780005207589e-01 2.525193712495549803e-01 -8.809707600131882543e+01 -6.301465741066773063e+01 -3.447722111796412747e+01 -1.421170285996354643e+01 -4.816900332650511984e+00
2.575158643043772289e-01 2.575186127067223274e-01 -1.131635077998316632e+02 -1.208176786089667587e+02 -8.679638991905413548e+01 -1.136668841583813787e+02 -1.921632343019214773e+01
2.625154969314948405e-01 2.625147696883480819e-01 -7.245497645687945010e+01 -7.223846615279650507e+01 -5.800558067597743417e+01 -8.245413364015354318e+01 -2.466506326825905404e+01
2.675175679340618951e-01 2.675155722784866574e-01 -5.705794612561987122e+01 -6.085581417048840080e+01 -2.596157234895821375e+01 -7.180936721102126796e+01 -4.204992681719452463e+01
2.725190773884630935e-01 2.725157496677925728e-01 -1.557999266748461231e+01 -3.860751379208572587e+01 -2.400021051715794584e+01 -6.389447787226882269e+01 -1.686674623050976152e+01
2.775168039611090043e-01 2.775152100878649497e-01 -1.386180991781572800e+02 -8.379139320766175558e+01 -1.057600514003969892e+02 -9.723332790027288297e+01 -4.629998247037141823e+01
2.825142732033267268e-01 2.825162381755563223e-01 -9.667324363501845141e+01 -4.830203033903084986e+01 -5.312926266048038570e+01 -6.117517451972269527e+01 -5.641712515522991112e+01
2.875130666907432797e-01 2.875153158106879547e-01 -3.733754995960708101e+01 -5.581725895860012798e+01 -5.551318126605038827e+01 -5.727226999391589146e+01 1.672062027112754379e+01
2.925143189402794053e-01 2.925153276905682609e-01 -5.250123313035657446e+01 -6.848165682842748936e+01 -4.883051554506693748e+01 -4.259236272288926273e+01 2.221857652024858965e+01
2.975127513734233675e-01 2.975157083662708923e-01 -5.288340606145364120e+01 -5.250715145450470800e+01 -3.204871472243694797e+01 -5.856755006934633911e+01 -2.689508995385832435e+01
3.025099930139776294e-01 3.025143820880140111e-01 -3.765592607252250446e+01 -3.008698834101865671e+01 -6.324825357779518953e+01 -6.165776240598994207e+01 -5.978446559698600282e+00
3.075101643957198205e-01 3.075134767180320861e-01 -4.584390880060522022e+01 -4.035407415203355441e+01 -8.298620165120588865e+01 -5.238420688402416658e+01 2.511216011861005626e+01
3.125126798401216544e-01 3.125126192573181028e-01 -4.169589062985252070e+01 -1.458466544550532262e+01 -2.653483389420866345e+01 -8.592991830382811003e+00 -9.169383120521345631e+00
3.175122369750564277e-01 3.175121452789468890e-01 -8.389148985631773314e+01 -3.261075191210132829e+01 -4.106051805081580142e+01 -2.845377309133927213e+01 -3.867399298473987557e+01
3.225101109354420736e-01 3.225133792802187260e-01 -6.597711555853446441e+01 -3.978720040703852590e+01 -2.188876889846891416e+01 -4.521677095466793617e+01 -4.951791720769496408e+01
3.275124236250821497e-01 3.275115838625301534e-01 -5.735014159209167417e+01 -6.211306811166349462e+01 -2.900433122330216307e+01 -7.715033831421300192e+01 -4.338308057133902196e+01
3.325129306399536300e-01 3.325100075355765794e-01 -6.904560070455235632e+01 -4.508972033486652009e+01 -5.945714150214318039e+01 -6.769172363401203540e+01 -3.219046250155469124e+01
3.375124445972576548e-01 3.375117378420814940e-01 -9.196590184507975607e+01 -8.739017179184419604e+01 -5.314259397302396337e+01 -7.530296831243413180e+01 -2.673610439264572847e+01
3.425108479375792436e-01 3.425127875431471791e-01 -9.721611350078804037e+01 -5.288347467225356979e+01 -4.090812935639938530e+01 -2.716428642456727260e+01 -3.058879589670235788e+01
3.475087789927832627e-01 3.475140583218373491e-01 -5.857574410671878695e+01 -6.033184378693753303e+01 -2.725820831590096915e+01 -3.544007756604069925e+01 -6.425769569920984026e+00
3.525105427997317076e-01 3.525127463899305758e-01 -2.941946515345512481e+01 -6.219644363603331527e+01 2.907793340753276556e+00 -5.010840372758612915e+01 -2.023921858576122190e+01
3.575086169132926650e-01 3.575108961101246541e-01 -2.874772776028960664e+01 -1.739058891431550435e+01 1.267284870321790047e+00 6.519576490004182823e+00 -6.104847226291709283e+00
3.625090390849307620e-01 3.625112524119070700e-01 -4.292825853770429489e+01 -1.931182601875328331e+01 -3.578981270972482776e+01 -3.569323220253846785e+01 -2.351985201176465168e+01
3.675112993144946660e-01 3.675098376694787006e-01 -5.088874089347611829e+01 -5.498659427911902497e+01 -3.468897100470304906e+01 -7.086544547569647534e+01 -3.207862108535051959e+01
3.725113966901729134e-01 3.725092529582844647e-01 -4.445096622358480687e+01 -4.521754052273750091e+01 -2.923673705028194192e+01 -2.967911161484405724e+01 3.241997345905787142e-01
3.775113317152504755e-01 3.775095055782605180e-01 -5.146082563835362578e+01 -6.120508175730907396e+01 -4.010016689166571524e+01 -6.594876468561882632e+01 -1.610434167499766289e+01
3.825101438162969991e-01 3.825085891699387397e-01 -5.355083151235682948e+01 -6.288332126581803294e+01 -4.075973875352768516e+01 -5.680894105316320974e+01 -6.716712546174321119e+00
3.875116653965242075e-01 3.875095996831169898e-01 -3.474650691939146441e+01 -3.911086589467974051e+01 -1.187384196750500287e+01 -3.908014286402866588e+01 -2.284194192123538869e+01
3.925120690479977359e-01 3.925095200376753635e-01 -3.425022856108075331e+01 -3.882199250663170886e+01 -8.240694583699879061e+00 -1.720191221347625898e+01 -4.389453684225424368e+00
3.975102312296245888e-01 3.975075954475052464e-01 -5.136330029577296585e+01 -5.166223313523443750e+01 -4.865613862732120509e+01 -4.030390059631872646e+01 8.651170870463950280e+00
4.025102097924054267e-01 4.025068382461746697e-01 -3.395276360652295011e+01 -3.162344299025159700e+01 -4.003631529373691933e+01 -5.379429451417994557e+01 -1.608729983671437935e+01
4.075099256929811675e-01 4.075083506780252662e-01 -2.364528068461683930e+01 -3.173802931832857865e+01 -2.074882483910399600e+01 -3.266658794199650373e+01 -3.825014469180768373e+00
4.125090543728884285e-01 4.125080725960317829e-01 -4.101221658200896059e+01 -7.875521926972423614e+01 -2.313663312645963899e+01 -6.092014036623402262e+01 -4.050455205910452605e-02
4.175088999099161868e-01 4.175080651946750376e-01 -3.919620891219702941e+01 -6.746272517696401394e+01 -3.131778844792047067e+01 -5.623079561878656563e+01 3.353509093900889582e+00
4.225097409404550142e-01 4.225098801054207875e-01 -6.131676174363649778e+01 -2.952556114006812038e+01 -3.993301490806851461e+01 -3.226166836263973892e+01 -2.411985405813960170e+01
4.275115140337151232e-01 4.275103858306195659e-01 -4.455996415230521279e+01 -5.229699397451119580e+01 -2.810112077071588743e+01 -4.821677280240434982e+01 -1.237862220948247938e+01
4.325121367298880304e-01 4.325110020227951879e-01 -3.441903281774759193e+01 -3.709230244399604004e+01 -2.666227434692161680e+01 -4.876287412688766665e+01 -1.942733015371760175e+01
4.375104095680810712e-01 4.375093813748094362e-01 -3.572763176272439267e+01 -2.462908176158558149e+01 -1.973985488692393986e+01 -2.951202819261685661e+01 -2.087072330683172794e+01
4.425084934860784025e-01 4.425076098160787286e-01 -3.036730436724414517e+01 -4.294133804846508440e+01 -2.913205691060928260e+01 -2.925849505928601957e+01 1.244759553254420226e+01
4.475103560237323475e-01 4.475091345234533113e-01 -2.074088039371416770e+01 -4.863652365753362972e+01 -2.537056403222555545e+01 -3.961862154664503066e+01 1.364758574939998681e+01
4.525119274514753376e-01 4.525107817211843630e-01 -2.109966251784354085e+01 -5.357122015323762554e+01 -3.225945217426385625e+01 -4.583933141004418843e+01 1.889167839961375250e+01
4.575110558508101444e-01 4.575097875290085048e-01 -2.777225797510358873e+01 -4.370805581009984309e+01 -2.568742257158646325e+01 -4.816586678597350613e+01 -6.542646379390788525e+00
4.625083880787722590e-01 4.625081761557475746e-01 -2.513244163348664983e+01 -2.842158507935371503e+01 -2.162680119944596768e+01 -5.223476550617767344e+01 -2.731882086086464057e+01
4.675082010550253298e-01 4.675076133113492127e-01 -5.062996936270679527e+01 -4.418686743724017418e+01 -3.213605508376915054e+01 -4.102001443917897205e+01 -1.532706128087644259e+01
4.725087980185199155e-01 4.725088883964808639e-01 -4.002541695652013232e+01 -5.166396647818548615e+01 -2.525756567418322263e+01 -4.962940720379379655e+01 -1.273329200794522009e+01
4.775069638168472075e-01 4.775103218942997052e-01 -3.259554649012532934e+01 -4.308216436129087867e+01 -2.493608660880160244e+01 -4.075576130630150118e+01 -5.333056826334349410e+00
4.825072507927383736e-01 4.825105400047168258e-01 -1.986735640444425144e+01 -4.829975286115681143e+01 -1.293718980784063710e+01 -2.896401188936963678e+01 1.240557437518356210e+01
4.875076354866126338e-01 4.875093523804343021e-01 -3.563515601817231016e+01 -5.760766421357813272e+01 -2.196137308572534153e+01 -5.157543425560653816e+01 -7.641552974475374072e+00
4.925073689696961576e-01 4.925084661724347668e-01 -3.503962229838699471e+01 -3.181230360386908984e+01 -2.753994864825185829e+01 -2.375290307936779044e+01 5.597268743661629742e-01
