1.211527658628588910e-02 7.746467076421466118e+03 6.154293641046093398e+03 5.151924505312803376e+03 4.227459556148161937e+03 3.420519708946231731e+03 2.809365078185193397e+03 2.371901234780105369e+03 2.022632780896146642e+03 1.707526471378977249e+03
1.778279410038922925e-02 6.492141875426179467e+03 5.017722910066484474e+03 4.077606222215175876e+03 3.259240406818677911e+03 2.591336583943595997e+03 2.110494384688638547e+03 1.775639717724716547e+03 1.514063605913378524e+03 1.277615171423420861e+03
2.610157215682535822e-02 5.186219966562533955e+03 3.936365478400770371e+03 3.105145328499729658e+03 2.426769768978351749e+03 1.912510162249382574e+03 1.558697204720731861e+03 1.317085540197341743e+03 1.129208304664449543e+03 9.586927798910572847e+02
3.831186849557287333e-02 4.119567054868059131e+03 3.007424438530560110e+03 2.306492205539128008e+03 1.772004025673929391e+03 1.391378703266419507e+03 1.141547201635942201e+03 9.766087366599477946e+02 8.474837272741799552e+02 7.258518962078890127e+02
5.623413251903491145e-02 3.112744223871873146e+03 2.214056691201730246e+03 1.650314764051288648e+03 1.248081484590108175e+03 9.794273002289567103e+02 8.126153683893012385e+02 7.055259961821315073e+02 6.212122677531285717e+02 5.390033217990546746e+02
8.254041852680181479e-02 2.322169867839274502e+03 1.588425097901942763e+03 1.151109606595627611e+03 8.654772651204340264e+02 6.883356389713462704e+02 5.835240334060309806e+02 5.172280679360104614e+02 4.635376682570315552e+02 4.075279437980913144e+02
1.211527658628588217e-01 1.675843601333530842e+03 1.102493613412239483e+03 7.858093225880429600e+02 5.948730584723193715e+02 4.843281496928995580e+02 4.224224147100744631e+02 3.839233818640293521e+02 3.510648505533872594e+02 3.131981499721417777e+02
1.778279410038922370e-01 1.162537178436573868e+03 7.476175409917466368e+02 5.325841893182349622e+02 4.119425658978346405e+02 3.467072528092061248e+02 3.122616055577975658e+02 2.906046451919832521e+02 2.702422763110834580e+02 2.444153638031182538e+02
2.610157215682536447e-01 7.831966688875156706e+02 5.015349771973910720e+02 3.628306660566469191e+02 2.901363905125103884e+02 2.516158745805838066e+02 2.311902091846040719e+02 2.185391849435353038e+02 2.060258335766584707e+02 1.887275409028297020e+02
3.831186849557287055e-01 5.346200889814275570e+02 3.465521995498600631e+02 2.560272914402324886e+02 2.066243682690730736e+02 1.812272876723818058e+02 1.697990219346700087e+02 1.633116861799559558e+02 1.559587077991122612e+02 1.444873269537631586e+02
5.623413251903489618e-01 3.880692940996559059e+02 2.503370558632042275e+02 1.797282764018456476e+02 1.449407569741170505e+02 1.302262296264086672e+02 1.240552612150629272e+02 1.203657463305581956e+02 1.156283645990126132e+02 1.079130797699937716e+02
8.254041852680183977e-01 2.874096735475820878e+02 1.728060169568875040e+02 1.233102330249939769e+02 1.030064767106960772e+02 9.423055495669649417e+01 9.022740422759011381e+01 8.764155453338331370e+01 8.436708808841103746e+01 7.918463329152936581e+01
1.211527658628588133e+00 1.917551900550005257e+02 1.159303452301073065e+02 8.684446233481682498e+01 7.388462919816612384e+01 6.761025365730495196e+01 6.440343018059667202e+01 6.226681241856782378e+01 5.988784726319627794e+01 5.642252149938698835e+01
1.778279410038921871e+00 1.275751530088592602e+02 8.285378553225250187e+01 6.344092505211913391e+01 5.362247384544345152e+01 4.836743485837315859e+01 4.545402614514936346e+01 4.353434069036009646e+01 4.170707187194210519e+01 3.943231872193629073e+01
2.610157215682535892e+00 9.382604725859079053e+01 6.248525484637832506e+01 4.768120804819728420e+01 3.994095207122641966e+01 3.568936395640857029e+01 3.325287144332752121e+01 3.164389503970154038e+01 3.022506279620841951e+01 2.862327068527669738e+01
3.831186849557286944e+00 7.103545824015861854e+01 4.740599383746023676e+01 3.620717612673013974e+01 3.029085877412891392e+01 2.702388340097736830e+01 2.513960321308294965e+01 2.389841505284320533e+01 2.283346968208498851e+01 2.166665311945635608e+01
5.623413251903487620e+00 5.256473278380519787e+01 3.514614008773382636e+01 2.693679079530655684e+01 2.262795572580066050e+01 2.025136069602210398e+01 1.888064729708732159e+01 1.797568681005559199e+01 1.719030483731287973e+01 1.632425199699318341e+01
8.254041852680181535e+00 3.723376581957927556e+01 2.514516789189035961e+01 1.938550400342965574e+01 1.635667421446920855e+01 1.467979878081550993e+01 1.371192920441990992e+01 1.307248911055129703e+01 1.252459732719975349e+01 1.191122649312626081e+01
1.211527658628588178e+01 2.515071023017748786e+01 1.709866314431649670e+01 1.325986113752171391e+01 1.123536306932667017e+01 1.011099816039562072e+01 9.464574376998040606e+00 9.037465663531802917e+00 8.664194798958966715e+00 8.251880978745482764e+00
1.778279410038921782e+01 1.580787342041529797e+01 1.084677917299048922e+01 8.461555463437427704e+00 7.196566559684235642e+00 6.498445178138838152e+00 6.096118615669343654e+00 5.826922794046730303e+00 5.593471835382421986e+00 5.334004039949272524e+00
2.610157215682535892e+01 9.084078525571765539e+00 6.269536757220969037e+00 4.929668327754381352e+00 4.224627424049174351e+00 3.836400270778368871e+00 3.611616420144454054e+00 3.460147301121549113e+00 3.329374671572893796e+00 3.179678858118374141e+00
3.831186849557287388e+01 4.767542572129377376e+00 3.312367779900581510e+00 2.618165163232623271e+00 2.258092650414399216e+00 2.064660177069099767e+00 1.953658473462171585e+00 1.877869731876312898e+00 1.811249981120344188e+00 1.737162945380706480e+00
5.623413251903487975e+01 2.189828355484782385e+00 1.561620851074730476e+00 1.259497104721684302e+00 1.102726474463406214e+00 1.019174865480917846e+00 9.711128771887260758e-01 9.379417153434934651e-01 9.095492225403456477e-01 8.770178787887215055e-01
8.254041852680181535e+01 1.079218067633771483e+00 7.843625842588641817e-01 6.424766669553978460e-01 5.671331503673451291e-01 5.299506318544289218e-01 5.104316369051749014e-01 4.957729823235452749e-01 4.834295273366182588e-01 4.697483043602765918e-01
