1.211527658628588910e-02 8.060387541939295261e+03 6.152997097424867206e+03 5.175517113655156209e+03 4.180065749872950619e+03 3.314151852853007767e+03 2.686421780361070887e+03 2.284964505317575458e+03 1.948543873255241124e+03 1.628504248514998380e+03
1.778279410038922925e-02 6.748227290360558982e+03 5.018198755100092967e+03 4.090932936746433825e+03 3.217035599506134531e+03 2.507987258625556024e+03 2.019065464112250311e+03 1.711830591019657732e+03 1.461805837841437551e+03 1.223336701933948689e+03
2.610157215682535822e-02 5.397705716308851152e+03 3.937060792204470090e+03 3.110694265760318558e+03 2.391188004285903844e+03 1.851179904045144212e+03 1.496800779123966549e+03 1.276949053424124031e+03 1.098982687913070095e+03 9.293788435595458850e+02
3.831186849557287333e-02 4.281401383773366433e+03 3.004557569929630063e+03 2.308194750974727867e+03 1.744175052039288630e+03 1.349480370872131743e+03 1.102894884559219008e+03 9.560036632930357428e+02 8.361112046088851457e+02 7.161305446851542911e+02
5.623413251903491145e-02 3.239924633845461358e+03 2.210325589688909986e+03 1.648563914345766989e+03 1.226771939485625353e+03 9.503703900284164092e+02 7.886422049101868197e+02 6.952596120110846414e+02 6.188494162852205136e+02 5.388830531426846164e+02
8.254041852680181479e-02 2.415262205305856696e+03 1.584601302538732625e+03 1.147288403185641300e+03 8.496609553077512373e+02 6.692666641244180710e+02 5.702157035806667409e+02 5.145638476135770816e+02 4.675775518638401991e+02 4.137073970859553356e+02
1.211527658628588217e-01 1.742570703293519273e+03 1.098595220172034942e+03 7.819832285994052654e+02 5.840175745948147323e+02 4.728650225963382354e+02 4.165161248892813433e+02 3.863885975336505680e+02 3.592404770384249559e+02 3.230739693362976936e+02
1.778279410038922370e-01 1.205580554084657706e+03 7.443258751635471526e+02 5.296283601625447091e+02 4.051830635529221354e+02 3.405147575693648605e+02 3.111273079672815811e+02 2.960479344735383052e+02 2.802248136425731673e+02 2.558530643608733044e+02
2.610157215682536447e-01 8.113681383309408375e+02 4.995189062774825288e+02 3.608029851188837256e+02 2.865425981003032803e+02 2.490676130705338096e+02 2.325773951210196060e+02 2.248603264051527617e+02 2.158876482013805571e+02 1.996753202035520474e+02
3.831186849557287055e-01 5.525303699854678143e+02 3.460477771495477555e+02 2.560204146217584480e+02 2.053450257146409683e+02 1.807915525635644940e+02 1.723301635987916143e+02 1.694152073024601179e+02 1.646052089313519957e+02 1.538056112795730996e+02
5.623413251903489618e-01 4.006208466348949742e+02 2.521947148624691408e+02 1.808456055902819344e+02 1.450980512562596516e+02 1.308739694005614069e+02 1.265874270622241085e+02 1.253148736717922844e+02 1.222587680536834682e+02 1.149603316001843183e+02
8.254041852680183977e-01 2.980232519025047395e+02 1.749013914799448628e+02 1.247728550016499582e+02 1.038233367255488844e+02 9.518474315823118559e+01 9.234122768747559462e+01 9.130975596191407817e+01 8.910824469068818132e+01 8.417658067542598133e+01
1.211527658628588133e+00 1.984931654206858980e+02 1.179089748145730141e+02 8.841424327593230714e+01 7.477691574011345210e+01 6.845127761859107807e+01 6.587401138585306626e+01 6.463608449075869089e+01 6.288135337003011216e+01 5.953627434394122986e+01
1.778279410038921871e+00 1.318792007173890397e+02 8.471893230716422352e+01 6.477613879147187959e+01 5.433202330525781321e+01 4.886907949913914706e+01 4.620020300573254701e+01 4.472785347183904037e+01 4.319961887774380216e+01 4.098993714831921409e+01
2.610157215682535892e+00 9.718967899444174918e+01 6.401846184161533415e+01 4.869303001014930032e+01 4.041000283583666430e+01 3.593515662094996799e+01 3.357491823253071317e+01 3.219051245498144453e+01 3.091906840098473452e+01 2.935398739357835041e+01
3.831186849557286944e+00 7.358751748767656409e+01 4.855277284330342980e+01 3.695712376192877002e+01 3.061507686998622546e+01 2.716031466179084219e+01 2.530616814179600027e+01 2.420476215215764526e+01 2.323299733619590057e+01 2.209388406685985728e+01
5.623413251903487620e+00 5.442614931118660593e+01 3.597388411116056517e+01 2.746899373153951274e+01 2.285582768732545489e+01 2.034183141201232203e+01 1.899255634048790853e+01 1.818948214286508147e+01 1.747007404412167730e+01 1.662095505036935350e+01
8.254041852680181535e+00 3.850715042722416115e+01 2.572302612240510911e+01 1.975690193782849491e+01 1.651806171023667957e+01 1.474337398678866151e+01 1.379181937356189280e+01 1.322283097269281171e+01 1.272585111333683372e+01 1.212334804070292549e+01
1.211527658628588178e+01 2.598550368937831223e+01 1.747775250561516458e+01 1.350861400867339057e+01 1.134421376684778338e+01 1.015508167992898336e+01 9.520257201825334192e+00 9.143430173203078937e+00 8.802558772758027672e+00 8.399501482765394655e+00
1.778279410038921782e+01 1.631584175230676692e+01 1.108219031968664048e+01 8.617801904538513469e+00 7.263359381578433194e+00 6.526608343108443400e+00 6.132675910715100542e+00 5.894001750641929327e+00 5.681735022830281423e+00 5.428231524140029407e+00
2.610157215682535892e+01 9.368645778909099775e+00 6.400260304782758425e+00 5.015992776615644466e+00 4.262382772085926419e+00 3.853317456804014718e+00 3.634133236286810842e+00 3.500066860544809977e+00 3.382769497469428011e+00 3.235485825327274689e+00
3.831186849557287388e+01 4.915575893913114669e+00 3.379967358858037230e+00 2.661284463024948366e+00 2.276251353925466070e+00 2.073179603096983570e+00 1.965476364057308301e+00 1.898909893045198638e+00 1.838534832826677290e+00 1.766571655130856344e+00
5.623413251903487975e+01 2.252563803203227799e+00 1.590686746141065866e+00 1.278083469613424006e+00 1.110685921364498174e+00 1.023078194144715347e+00 9.768482115074508254e-01 9.475752670191612825e-01 9.223729509988940478e-01 8.907623280308771818e-01
8.254041852680181535e+01 1.109692324615479286e+00 7.977489812792750712e-01 6.520113741042390387e-01 5.699508507863340068e-01 5.310663417747152337e-01 5.132147777518158982e-01 5.001738567625138021e-01 4.892222541299580119e-01 4.762580798795774673e-01
